# Graph: 500 nodes, 3165 edges, max_weight=3
109 205 1
199 318 1
92 185 1
96 254 1
54 473 1
341 392 1
165 466 1
217 415 1
269 284 1
185 309 1
129 393 1
111 332 1
419 480 1
70 167 1
80 464 1
204 355 1
182 357 1
86 432 1
294 360 1
54 199 1
32 274 1
117 351 1
183 400 1
210 450 1
41 106 1
112 354 1
161 423 1
41 52 1
219 341 1
213 228 1
313 449 1
23 316 1
133 441 1
403 488 1
299 449 1
48 93 1
29 499 1
54 89 1
51 498 2
93 213 1
224 267 1
71 455 1
161 461 1
180 274 1
149 355 1
15 429 1
161 479 1
117 216 1
73 129 1
50 127 1
44 387 1
94 141 1
64 162 1
114 302 1
169 324 1
32 264 1
185 188 1
183 235 1
83 431 1
83 287 1
313 405 1
143 187 1
49 59 1
72 202 1
75 134 1
143 459 1
78 87 1
324 480 1
25 102 1
53 271 1
270 458 1
385 390 1
231 427 1
246 362 1
80 221 1
54 242 1
257 466 1
430 490 1
381 397 1
215 239 1
123 147 1
161 429 1
154 238 1
44 356 1
106 412 1
244 417 1
41 331 1
59 278 1
325 371 1
34 349 1
62 147 1
276 434 1
75 116 1
3 123 1
105 254 1
91 296 1
1 277 1
254 397 1
226 410 3
9 398 1
392 405 1
17 410 1
277 348 1
51 283 1
168 172 1
133 274 1
75 172 1
161 286 1
126 439 1
353 448 1
127 233 1
341 367 1
168 390 1
27 163 1
352 406 1
8 53 1
161 449 1
56 464 1
118 188 1
424 473 1
26 123 1
242 479 1
185 386 1
303 397 1
110 313 1
71 403 1
99 418 1
433 440 1
24 259 1
218 335 1
67 297 1
287 490 1
18 374 1
176 343 1
192 409 1
120 179 1
216 394 1
170 183 1
119 258 1
239 487 1
355 443 1
404 445 1
265 480 1
62 69 1
23 395 1
284 477 1
23 249 1
143 374 1
170 185 1
265 422 1
168 227 1
200 397 1
57 73 1
459 492 1
241 371 1
145 431 2
243 486 1
83 219 1
102 229 1
47 382 1
268 458 1
450 453 1
174 436 1
250 429 1
241 402 1
64 271 1
40 323 1
21 171 1
272 285 1
69 331 1
72 469 1
101 322 1
13 399 1
320 448 1
28 185 1
340 374 1
253 497 1
124 239 1
15 41 1
157 190 1
53 328 1
168 495 1
2 17 1
106 206 1
164 496 1
267 322 1
96 299 1
285 341 1
113 149 1
42 321 1
372 414 1
130 375 1
18 25 1
78 407 1
131 167 1
47 169 1
139 403 1
11 212 1
37 414 1
107 136 1
250 449 1
210 327 1
31 162 1
147 453 1
60 391 1
397 440 1
82 456 1
205 374 1
489 499 1
121 172 1
28 459 1
158 393 1
272 304 1
410 415 1
86 454 1
71 354 1
156 207 1
52 201 1
80 425 1
39 370 1
63 336 1
83 264 1
181 402 1
114 379 1
313 432 1
159 351 1
32 474 1
98 208 1
178 199 1
68 438 1
299 432 1
311 480 1
2 240 1
105 329 1
384 408 1
126 251 1
24 349 1
113 328 1
273 319 1
149 327 1
121 433 1
82 397 1
33 500 1
15 329 1
31 342 1
55 291 1
8 190 1
202 423 1
16 440 1
141 238 1
142 180 1
39 499 1
272 351 1
42 305 1
66 107 1
168 246 1
93 416 1
183 483 1
19 347 1
274 275 1
3 223 1
262 415 1
44 300 1
236 401 1
65 233 1
330 449 1
119 398 1
195 485 1
5 438 1
14 209 1
199 281 1
207 426 1
22 204 1
330 443 1
88 298 1
391 402 1
60 423 1
248 287 1
281 445 1
55 170 1
106 447 1
347 368 1
282 411 1
194 365 1
134 225 1
6 259 1
67 159 1
117 413 1
172 196 1
3 368 1
41 172 1
332 333 1
205 220 1
54 429 1
486 495 1
52 396 1
104 114 1
155 242 1
147 371 1
260 352 1
24 457 1
113 477 1
220 266 1
102 420 1
181 287 1
142 191 1
329 441 2
356 482 1
71 269 1
317 429 1
105 367 1
194 298 1
210 387 1
273 283 1
120 163 1
23 447 1
77 357 1
445 478 1
125 314 1
137 497 1
120 332 1
5 488 1
73 420 1
223 381 1
23 464 1
126 345 1
130 263 1
283 360 1
68 464 1
219 243 1
4 154 1
204 387 1
334 440 1
66 364 1
278 479 1
147 278 1
115 319 1
260 283 1
184 390 1
21 65 1
14 43 1
53 148 1
42 363 1
88 400 1
202 286 1
268 375 1
424 477 1
44 79 1
19 116 1
19 358 1
426 450 1
188 406 1
181 437 2
233 482 1
173 379 1
147 360 1
29 471 1
177 499 1
333 409 1
338 467 1
327 482 1
80 166 1
14 237 1
118 228 1
88 470 1
148 390 1
264 453 1
142 433 1
174 442 1
221 261 1
66 383 1
64 477 1
181 492 1
117 287 1
52 122 1
97 116 1
238 323 1
287 424 1
76 369 1
89 360 1
214 360 1
72 494 1
28 364 1
164 271 1
359 426 1
239 454 1
60 449 1
367 399 1
161 434 1
29 480 1
208 338 1
53 254 1
96 300 1
224 337 1
30 193 1
166 496 1
122 318 1
220 396 1
322 402 1
14 15 1
73 265 1
368 392 1
171 360 1
65 432 1
228 281 1
359 424 1
283 346 1
351 466 1
53 237 1
165 213 1
77 259 1
152 337 1
274 311 1
90 489 1
77 114 1
134 168 1
80 157 1
64 479 1
206 362 1
295 444 1
126 322 1
402 415 1
88 360 1
65 313 1
48 404 1
464 488 1
234 415 1
151 374 1
96 253 1
173 490 1
384 434 1
125 291 1
60 184 1
25 218 1
410 431 1
302 349 1
122 195 1
196 421 1
23 442 1
322 360 1
265 418 1
199 279 1
73 164 1
67 219 1
47 402 1
14 305 1
2 431 1
83 212 1
205 421 1
250 432 1
341 459 1
114 375 1
64 95 1
172 301 1
106 374 1
49 195 1
21 91 1
77 258 1
250 299 1
31 352 1
112 402 1
148 495 1
233 264 1
178 477 1
243 463 1
215 222 1
101 352 1
32 177 1
275 410 1
172 377 1
293 477 1
133 394 1
289 339 1
60 327 1
57 253 1
117 289 1
242 434 1
174 341 1
80 407 2
380 418 1
89 492 1
155 210 1
221 223 1
320 386 1
313 438 1
117 202 1
442 496 1
88 401 1
308 343 1
142 164 1
154 397 1
277 287 1
312 346 1
127 150 1
47 159 1
105 300 1
79 244 1
48 396 1
208 279 2
34 99 1
265 385 1
285 369 1
394 441 1
48 416 1
84 184 1
120 213 1
29 442 1
23 463 1
450 468 1
59 208 1
171 441 1
393 413 1
89 289 1
155 479 1
370 436 1
183 474 1
187 221 1
52 114 1
8 81 1
220 357 1
57 471 1
444 490 1
123 387 1
80 252 1
112 431 1
62 306 1
78 193 1
402 470 1
323 375 1
265 336 1
157 199 1
246 384 1
264 431 1
85 354 1
82 433 1
309 339 1
87 340 1
41 201 1
282 360 1
103 333 1
61 143 1
317 378 1
329 345 1
28 336 1
94 351 1
292 324 1
255 457 1
251 401 1
26 147 1
272 413 1
93 285 1
91 325 1
117 264 1
3 149 1
203 339 1
261 367 1
194 282 1
163 352 1
417 453 1
196 369 1
217 262 1
33 431 1
325 368 1
217 223 1
246 462 1
152 348 1
362 492 1
115 181 1
110 374 1
36 111 1
60 363 1
282 431 1
274 414 1
35 352 1
181 261 1
252 353 1
75 176 1
85 143 1
137 323 1
38 375 1
85 490 1
25 44 1
164 210 1
112 492 1
183 460 1
326 347 1
128 486 1
49 52 1
200 246 1
392 447 1
5 25 1
89 228 1
424 465 1
277 317 1
172 290 1
213 477 1
11 210 1
152 189 1
214 264 1
5 220 1
154 409 1
354 453 1
62 367 1
263 444 1
178 254 1
213 462 1
34 202 1
139 226 1
278 363 1
43 471 1
339 373 1
60 102 1
86 126 1
217 333 1
39 488 1
418 425 1
27 343 1
148 215 1
105 183 1
72 149 1
216 233 1
264 441 1
2 399 1
219 380 1
166 242 1
282 481 1
135 261 1
152 273 1
113 329 1
299 459 1
207 482 1
314 462 2
210 485 1
291 448 1
267 461 1
143 281 1
99 116 1
47 317 1
67 345 1
237 373 1
155 248 1
339 416 1
281 336 1
134 157 1
7 446 1
207 289 1
11 461 1
26 283 1
392 445 1
382 489 1
349 409 1
46 428 1
16 65 1
447 463 1
19 446 1
15 292 1
184 396 1
141 179 1
261 376 1
262 399 1
268 360 1
287 437 1
12 267 1
201 424 1
277 468 1
118 312 1
56 129 1
86 318 1
220 419 1
161 183 1
309 487 1
2 190 1
347 477 1
157 257 1
81 190 1
50 421 1
364 419 1
197 212 1
126 319 1
87 285 1
27 115 1
28 406 1
262 264 1
342 486 1
258 359 1
67 330 1
137 455 1
358 448 1
305 368 1
76 497 1
167 172 1
219 227 1
402 437 1
62 412 1
7 396 1
14 121 1
287 441 1
234 437 1
336 385 1
272 437 1
175 366 1
88 251 1
31 131 1
89 362 1
343 381 1
33 202 1
3 210 1
78 164 1
407 421 1
270 435 1
56 198 1
306 343 1
107 419 1
416 427 1
149 488 1
315 404 1
65 471 1
194 430 1
31 142 1
335 406 1
338 423 1
71 278 1
173 365 1
128 480 1
4 282 1
290 387 1
10 457 1
126 175 1
25 87 1
28 133 1
32 429 1
219 265 1
67 82 1
156 307 1
125 196 1
30 416 1
14 158 1
101 405 1
260 363 1
149 183 1
46 211 1
13 283 1
6 400 1
368 438 2
10 216 1
128 185 1
149 464 1
154 335 1
114 278 1
89 90 2
154 414 1
70 319 1
261 486 1
322 362 1
83 117 1
324 338 1
242 464 1
273 432 1
403 444 1
155 236 1
75 417 1
102 293 1
133 303 1
151 275 1
6 371 1
90 253 1
246 381 1
43 140 1
8 283 1
324 444 1
472 499 1
104 272 1
82 404 1
134 475 1
87 457 1
116 415 1
10 169 1
50 407 1
122 444 1
5 68 1
250 447 1
10 64 1
13 30 1
92 172 1
57 341 1
479 494 1
42 221 1
105 374 1
117 496 1
300 419 1
173 350 1
76 495 1
483 486 1
14 206 1
78 404 1
283 333 1
182 274 1
121 301 1
132 265 1
172 298 1
127 383 1
46 203 1
26 161 1
363 364 1
349 390 1
176 431 2
277 345 1
291 309 1
126 135 1
203 376 1
364 457 1
166 423 1
111 290 1
204 442 1
200 388 1
178 487 1
12 373 1
52 211 1
65 70 1
130 362 1
101 489 1
15 75 1
212 464 1
407 456 1
166 479 1
2 262 1
321 473 1
12 396 1
127 418 1
155 299 1
26 131 1
164 489 1
111 428 1
198 415 1
149 442 1
176 481 1
38 470 1
140 204 1
43 75 1
265 338 1
6 287 1
23 52 1
35 237 1
131 473 1
15 83 1
207 345 1
253 417 1
164 392 1
51 232 1
68 456 1
266 499 1
12 104 1
75 500 1
189 412 1
38 235 1
109 264 1
168 169 1
295 302 1
43 168 1
218 290 1
179 415 1
200 357 1
421 429 1
39 491 1
94 138 1
166 429 1
19 155 1
210 280 1
20 349 1
259 389 1
118 257 1
72 254 1
116 359 1
246 499 1
210 463 1
147 460 1
378 418 1
266 306 1
32 125 1
94 278 1
265 347 1
266 378 1
79 391 2
402 469 1
212 459 1
40 452 1
320 474 1
287 362 1
195 252 1
15 294 1
416 432 1
293 434 1
106 151 1
201 431 1
97 176 1
42 463 1
224 402 1
43 425 1
87 226 1
374 448 1
3 230 1
72 137 1
87 268 1
264 277 1
56 191 1
390 444 1
85 298 1
107 448 1
406 453 1
227 236 1
169 228 1
254 458 1
240 486 1
122 314 1
18 94 1
33 34 1
157 254 1
303 379 1
421 443 1
45 301 1
82 205 1
163 305 1
237 419 1
80 495 1
167 266 1
442 461 1
140 479 1
301 376 1
317 447 1
83 148 1
229 489 1
188 215 1
79 210 1
454 477 1
395 457 1
249 290 1
347 392 1
162 238 1
52 119 1
22 239 1
166 237 1
61 272 1
30 354 1
249 382 1
354 468 1
136 191 1
50 409 1
128 308 1
400 471 1
113 471 1
246 367 1
259 372 1
107 424 1
120 379 1
10 400 1
11 299 1
48 448 1
126 160 1
6 153 1
23 281 1
75 415 1
111 415 1
275 408 1
266 389 1
4 194 1
159 330 1
6 219 1
25 331 1
16 327 1
69 458 1
339 417 1
199 337 1
271 493 1
344 405 1
44 331 1
257 458 1
395 500 1
154 266 1
163 363 1
114 430 1
361 406 1
59 67 1
400 447 1
113 447 1
320 410 1
137 417 1
135 319 1
113 422 1
32 316 1
330 374 1
188 416 1
37 154 1
196 291 1
235 416 1
102 382 1
127 466 1
223 463 1
374 453 1
288 292 1
192 375 1
139 468 1
360 474 1
430 460 1
109 330 1
9 493 1
240 447 1
203 422 1
12 484 1
415 447 1
264 312 1
173 202 1
124 191 1
140 405 1
336 338 1
296 417 1
223 334 1
120 143 1
35 102 1
368 491 1
51 75 1
71 261 1
380 433 1
96 179 1
210 385 1
233 355 1
189 366 1
249 426 1
87 272 1
34 473 1
252 363 1
189 488 1
51 364 1
70 137 1
4 496 1
109 262 1
68 347 1
82 114 1
69 269 1
104 430 1
330 341 1
70 321 1
63 388 1
254 273 1
165 273 1
270 342 2
98 389 2
266 372 1
370 466 1
79 165 1
382 480 1
58 278 1
185 427 1
306 448 1
475 487 1
313 406 1
137 375 1
221 247 1
282 342 1
69 417 1
45 382 1
154 302 1
383 465 1
379 485 1
311 390 1
261 341 1
185 321 1
5 347 1
46 289 1
272 494 1
8 489 1
207 310 1
40 482 1
59 137 1
301 366 1
29 338 1
131 462 1
7 382 1
117 283 1
21 79 1
426 459 1
8 392 1
54 75 1
21 471 1
245 270 1
22 140 1
178 239 1
113 442 1
238 470 1
55 288 1
79 381 1
173 430 1
71 277 1
70 339 1
71 284 1
179 346 1
389 475 1
142 154 1
293 366 1
369 437 1
57 397 1
31 486 1
193 265 1
249 298 1
165 448 1
385 431 1
151 420 1
220 360 1
263 324 1
189 218 1
70 74 1
103 230 1
439 484 1
197 209 1
118 137 1
295 490 1
221 489 1
10 492 1
78 490 1
236 286 1
307 382 1
101 206 1
462 500 1
59 197 1
69 428 1
21 185 1
353 355 1
425 431 1
124 265 1
55 63 1
77 430 1
14 418 1
443 456 1
64 140 1
75 431 1
235 340 1
79 489 1
67 296 1
37 350 1
203 374 1
413 473 1
280 431 1
272 473 1
59 370 1
25 335 1
433 486 1
34 352 1
421 434 1
245 264 1
101 150 1
60 383 1
114 212 1
141 201 1
58 441 1
108 164 1
203 280 1
249 288 1
253 402 1
238 386 1
124 164 1
221 306 1
198 274 1
385 441 1
221 363 1
143 205 1
188 259 1
164 485 1
308 437 1
105 151 1
113 341 1
78 348 1
243 265 1
172 451 1
125 298 1
29 172 1
44 77 1
140 487 1
87 482 1
286 449 1
58 289 1
183 306 1
171 450 1
122 455 1
163 478 1
195 227 1
244 391 1
310 500 1
54 87 1
84 491 1
62 87 1
192 309 1
271 303 1
44 224 1
118 370 1
201 295 1
198 228 1
373 416 1
206 499 1
190 276 1
343 459 1
171 210 1
185 192 1
45 203 1
321 427 1
296 365 1
52 399 1
77 261 1
243 267 1
140 313 1
210 397 1
444 451 1
15 174 1
300 360 1
272 315 1
303 415 1
144 488 1
42 243 1
192 288 1
140 367 1
7 203 1
230 326 1
345 351 1
41 350 1
102 167 1
277 355 1
251 328 1
85 228 1
305 327 1
287 498 1
257 268 1
191 485 1
177 369 1
10 123 1
30 365 1
201 208 1
5 144 1
58 62 1
277 450 1
104 333 1
295 428 1
17 308 1
69 263 1
263 458 1
120 424 1
103 299 1
195 291 1
73 76 1
18 178 1
310 426 1
207 384 1
158 192 1
287 352 1
39 93 1
101 187 1
30 453 1
104 162 1
164 445 1
222 267 1
236 370 1
120 415 1
353 443 1
175 198 1
208 411 1
199 424 1
6 9 1
78 154 1
58 264 1
347 488 1
126 395 1
172 295 1
125 188 1
205 357 1
168 483 1
364 483 1
305 392 1
286 408 1
390 396 1
296 452 1
189 383 1
56 343 1
3 103 1
44 94 1
187 227 1
30 326 1
43 338 1
371 417 1
349 354 1
188 304 1
269 425 1
18 458 1
332 447 1
113 276 1
176 473 1
26 366 1
47 479 1
194 296 1
30 309 1
300 441 1
443 444 1
95 371 1
269 294 1
130 423 1
277 429 1
67 489 1
3 464 1
145 389 1
139 410 1
224 496 1
293 364 1
161 444 1
140 372 1
294 325 1
218 483 1
188 189 1
245 262 1
35 185 1
223 397 1
253 317 1
157 485 1
359 391 1
132 189 1
274 411 1
171 405 1
339 431 1
6 310 1
287 477 1
293 308 1
100 431 1
28 343 1
47 161 1
29 246 1
407 446 1
55 123 1
389 433 1
81 237 1
420 494 1
84 336 1
391 489 1
291 460 1
69 272 1
285 490 1
435 479 1
236 299 1
360 477 1
91 163 1
307 470 1
78 263 1
129 464 1
180 221 1
396 484 1
183 395 1
6 493 1
34 443 1
363 390 1
479 499 1
123 456 1
115 294 1
391 392 1
43 134 1
254 386 1
30 278 1
135 236 1
290 385 1
173 410 1
140 478 1
403 458 1
162 174 1
231 420 1
49 114 1
370 380 1
214 233 1
154 260 1
5 404 1
378 433 1
386 448 1
155 418 1
484 490 1
74 146 1
141 155 1
72 445 1
3 55 1
80 269 1
18 417 1
52 262 1
50 139 1
31 364 1
211 273 1
105 224 1
349 417 1
214 489 1
37 483 1
185 478 1
195 373 1
24 477 1
333 350 1
228 415 1
251 254 1
29 404 1
23 396 1
39 77 1
104 315 1
209 335 1
174 388 1
402 479 1
314 374 1
9 105 1
89 370 1
17 157 1
268 477 1
105 420 1
196 490 1
42 152 1
311 324 1
281 324 1
99 211 1
289 397 1
166 232 1
195 416 1
208 452 1
245 342 1
333 359 1
7 346 1
101 308 1
2 465 1
45 53 1
161 380 1
126 183 1
81 489 1
196 285 3
33 39 1
362 381 1
18 351 1
104 147 1
126 464 1
157 187 1
121 123 1
147 306 1
97 401 1
147 378 1
6 498 1
14 61 1
101 344 1
103 454 1
164 308 1
286 434 1
224 473 1
296 492 1
97 481 1
342 347 1
61 312 1
19 492 1
397 442 1
27 251 1
77 310 1
127 164 1
429 434 1
79 253 1
158 478 1
96 141 1
411 423 1
214 378 1
128 358 1
75 295 1
142 289 1
262 465 1
266 418 1
84 85 1
80 290 1
57 164 1
254 270 1
18 375 1
226 275 1
387 468 1
119 161 1
32 168 1
321 412 1
176 328 1
40 394 1
114 391 1
78 371 1
327 376 1
81 499 1
255 315 1
171 329 1
412 478 1
107 295 1
395 451 1
330 444 1
59 150 1
158 206 1
325 438 1
179 312 1
230 483 1
352 437 1
57 173 1
302 352 1
148 202 1
182 449 1
349 500 1
103 239 1
284 347 1
328 439 1
74 255 1
296 435 1
273 407 1
417 423 1
95 219 1
73 264 1
163 341 1
65 224 1
354 477 1
195 196 1
250 279 1
338 364 1
140 292 1
75 82 1
242 380 1
81 192 1
142 274 1
14 338 1
411 429 1
87 162 1
237 468 1
422 480 1
174 484 1
105 164 1
262 306 1
422 447 1
24 449 1
372 440 1
312 356 1
331 473 1
71 479 1
33 339 1
468 489 1
238 474 1
80 411 1
77 242 1
14 163 1
277 378 1
192 451 1
273 456 1
232 244 1
3 308 1
180 344 1
341 388 1
199 492 1
208 287 1
69 317 1
36 343 1
106 340 1
197 325 1
64 397 1
112 241 1
295 431 1
324 375 1
55 496 1
165 430 1
54 347 1
91 265 1
2 367 1
101 195 1
12 401 1
12 60 1
21 407 2
45 430 1
40 242 1
71 209 1
99 359 1
277 487 1
174 354 1
26 220 1
236 436 1
368 497 1
52 199 1
188 452 1
304 424 1
220 460 1
259 406 1
161 170 1
373 382 1
7 430 1
30 468 1
239 455 1
314 318 1
199 289 1
94 128 1
260 397 1
118 447 1
71 181 1
90 116 1
212 380 1
15 101 1
90 414 1
264 363 1
285 424 1
435 499 1
219 360 1
270 499 1
141 351 1
48 82 1
319 495 1
146 349 1
344 374 1
78 346 1
2 127 1
138 338 1
6 303 1
59 221 1
32 276 1
107 460 1
350 359 1
352 399 2
298 400 1
19 112 1
329 471 1
174 490 1
18 203 1
69 228 1
344 463 1
137 362 1
371 413 1
359 465 1
157 308 1
359 489 1
111 410 1
396 448 1
37 208 1
206 221 1
24 197 1
280 410 1
128 170 1
379 397 1
349 453 1
345 439 1
46 69 1
211 400 1
309 444 1
20 368 1
178 397 1
66 500 1
89 118 1
126 168 1
149 170 1
48 494 1
220 310 1
268 339 1
37 212 1
216 281 1
119 392 1
77 391 1
14 380 1
196 226 1
287 363 1
63 360 2
291 462 1
127 139 1
60 134 1
176 443 1
75 310 1
141 154 1
272 499 1
164 466 1
49 211 1
18 326 1
429 485 1
160 488 1
281 349 1
84 163 1
8 341 1
83 341 1
336 419 1
305 447 1
110 472 1
78 435 1
146 382 1
229 336 1
126 425 1
119 499 1
207 434 1
114 405 1
388 397 1
75 199 1
35 166 1
226 444 1
212 495 1
182 378 1
147 300 1
92 400 1
372 494 1
154 371 1
310 430 1
101 406 1
102 474 1
164 407 1
68 80 1
102 496 1
81 158 1
118 442 1
371 431 1
50 349 1
140 168 1
76 99 1
221 334 1
289 433 1
57 388 1
20 460 1
109 306 1
176 321 1
341 458 1
42 404 1
352 362 1
107 214 1
258 327 1
59 280 1
149 266 1
18 272 1
375 392 1
285 359 1
213 275 1
206 374 1
105 139 1
429 447 1
125 474 1
76 401 1
465 496 1
417 465 1
188 481 1
305 459 1
78 399 1
95 277 1
224 461 1
339 496 1
116 303 1
266 475 1
102 494 1
115 311 1
120 440 1
136 426 1
42 446 1
183 364 1
143 272 1
381 474 1
20 410 1
302 405 1
167 437 1
281 375 1
104 248 1
28 426 1
336 349 1
106 189 1
93 462 1
24 356 1
29 490 1
157 166 1
104 321 1
364 498 1
449 474 1
126 318 1
483 495 1
199 440 1
183 308 1
54 265 1
452 492 1
183 383 1
123 291 1
297 313 1
181 459 1
148 212 1
122 309 1
291 443 1
70 418 1
263 346 1
106 216 1
169 487 1
297 367 1
350 441 1
90 141 1
17 77 1
295 469 1
2 150 1
118 168 1
32 133 1
265 297 1
206 220 1
147 183 1
406 462 1
23 290 1
196 272 1
111 257 1
101 174 1
389 472 1
90 101 1
105 403 1
347 456 1
139 197 1
64 77 1
276 398 1
208 261 1
56 309 1
57 484 1
193 365 1
15 357 1
92 401 1
232 498 1
79 418 1
30 368 1
47 206 1
137 312 1
247 342 1
238 307 1
22 144 1
71 102 1
111 283 1
27 315 1
34 361 1
91 205 1
304 481 1
34 485 1
176 306 1
420 427 1
90 201 1
261 266 1
304 437 1
3 397 1
148 467 1
270 325 1
376 458 1
217 294 1
114 192 1
305 463 1
81 447 1
36 290 1
278 291 1
130 206 1
401 430 1
25 457 1
285 481 1
126 157 1
340 386 1
35 475 1
350 483 1
397 456 1
277 488 1
31 338 1
272 372 1
75 384 1
170 359 1
142 410 1
46 237 1
393 478 1
27 319 1
4 249 1
357 431 1
240 495 1
26 129 1
129 252 1
199 496 1
14 201 1
200 494 1
322 464 1
305 491 1
176 231 1
326 399 1
490 492 1
435 436 1
208 277 1
155 358 1
95 410 1
110 273 1
139 387 1
137 310 1
76 430 1
37 498 1
104 378 1
104 363 1
13 407 1
302 387 1
24 372 1
193 309 1
31 40 1
279 327 1
386 451 1
301 433 1
374 462 1
437 438 1
27 352 1
237 493 1
267 332 1
148 473 1
354 389 1
61 237 1
195 211 1
173 236 1
272 300 1
298 430 1
232 384 1
210 293 1
302 487 1
220 479 1
121 352 1
13 106 1
82 212 1
196 437 1
187 216 1
219 345 1
136 278 1
44 411 1
237 271 1
142 214 1
80 435 1
85 254 1
116 305 1
208 212 1
213 332 1
122 346 1
217 385 1
160 425 1
261 416 1
270 471 1
270 488 1
146 413 1
92 483 1
335 371 1
380 413 1
40 105 1
131 220 1
152 305 1
174 326 1
182 454 1
8 85 1
128 293 1
150 273 1
353 374 1
121 128 1
314 332 1
108 359 1
77 370 1
256 362 1
8 106 1
195 415 1
341 426 1
167 261 1
349 468 1
181 294 1
9 140 1
18 399 1
84 101 1
289 373 1
219 277 1
168 429 2
270 447 1
229 338 1
99 345 1
266 358 1
47 459 1
6 389 1
32 40 1
232 423 1
242 293 1
23 298 1
92 264 1
20 30 1
2 110 1
65 484 1
48 210 1
18 264 1
137 319 1
291 487 1
237 319 1
22 215 1
373 441 1
78 162 1
21 265 1
185 407 1
430 459 1
127 189 1
165 319 1
56 282 1
287 480 1
77 387 1
2 374 1
308 443 1
20 91 1
334 397 1
85 100 1
287 422 1
9 374 1
39 285 1
294 331 1
395 462 1
117 383 1
150 411 1
75 443 1
112 225 1
246 314 1
48 479 1
11 193 1
34 238 1
38 313 1
85 125 1
374 449 1
234 480 1
41 69 1
77 487 1
21 164 1
271 476 1
254 257 1
142 352 1
314 414 1
132 277 1
156 174 1
411 485 1
106 235 1
149 258 1
287 445 1
125 328 1
155 164 1
73 391 1
21 170 2
65 258 1
249 303 1
95 149 1
197 421 1
268 471 1
107 165 1
380 481 1
110 297 1
214 220 1
29 109 1
211 345 1
177 458 1
308 321 1
386 474 1
392 398 1
189 266 1
453 480 1
124 287 1
98 335 1
156 281 1
71 206 1
312 364 1
137 283 1
111 137 1
380 437 1
319 419 1
314 380 1
219 494 1
67 385 1
40 356 1
187 415 1
201 217 1
192 477 1
71 436 1
88 364 1
394 425 1
141 317 1
69 498 1
20 296 1
63 474 1
381 391 1
306 477 1
208 473 1
65 490 1
410 425 1
32 146 1
52 499 1
57 64 1
56 274 1
356 466 1
256 322 1
180 497 1
222 371 1
256 496 1
114 206 1
171 294 1
82 199 1
261 293 1
401 494 1
39 189 1
93 432 1
76 368 1
264 374 1
61 356 1
162 354 1
280 327 1
143 440 1
281 401 1
8 35 1
268 292 1
55 321 1
94 217 1
384 417 1
350 368 1
124 393 1
6 325 1
145 397 1
104 145 1
25 167 1
106 386 1
193 289 1
410 418 1
28 219 1
430 463 1
71 488 1
194 476 1
196 451 1
36 371 1
190 472 1
19 42 1
155 266 1
11 495 1
24 459 1
138 324 1
280 339 1
11 265 1
31 164 1
44 272 1
99 467 1
15 500 1
302 478 1
102 296 1
29 182 1
95 355 1
230 423 1
137 210 1
92 277 1
449 477 1
288 324 1
117 195 1
117 166 1
182 442 1
27 254 2
83 108 1
147 222 1
264 364 1
237 423 1
151 492 1
44 138 1
102 148 1
385 387 1
18 244 1
313 424 1
18 51 1
107 465 1
107 489 1
122 261 1
76 467 1
169 459 1
55 125 1
243 393 1
167 460 1
157 279 1
328 384 1
174 482 1
210 375 1
232 408 1
86 401 1
213 267 1
202 337 1
32 94 1
34 418 1
106 492 1
160 275 1
48 327 1
33 491 1
206 281 1
449 461 1
270 341 1
264 383 1
6 150 1
97 462 1
193 399 1
172 249 2
27 381 1
326 342 1
126 134 1
87 487 1
137 296 1
192 449 1
103 409 1
174 435 1
293 373 1
417 459 1
88 385 2
219 271 1
152 249 1
204 500 1
282 476 1
296 479 1
16 224 1
195 346 1
65 216 1
156 191 1
239 470 1
125 286 1
80 82 1
55 236 1
222 346 1
56 440 1
5 60 1
148 296 1
302 488 1
193 207 1
125 449 1
212 417 1
24 374 1
21 139 1
199 204 1
365 410 1
31 323 1
53 301 1
407 435 1
381 449 1
196 244 1
344 497 1
284 417 1
172 486 1
309 484 1
17 115 1
95 148 1
228 498 1
101 215 1
302 480 1
134 190 1
216 403 1
159 308 1
100 254 1
146 469 1
341 481 1
174 399 1
60 258 1
98 141 1
26 291 1
119 491 1
12 391 1
59 180 1
244 421 1
104 185 1
62 285 1
376 470 1
105 109 1
297 334 1
224 253 1
187 386 1
18 312 1
15 298 1
349 460 1
195 202 1
23 219 1
172 436 1
140 414 1
283 369 1
29 492 1
381 427 1
38 239 1
64 293 1
24 341 1
291 488 1
106 399 1
21 324 1
44 282 1
142 160 1
57 470 1
58 412 1
264 276 1
231 359 1
66 295 1
95 142 1
10 395 1
102 339 1
70 172 1
127 402 1
80 342 1
178 196 1
239 287 1
389 402 1
106 228 1
3 101 1
205 333 1
310 479 1
12 462 1
72 170 1
147 456 1
357 494 1
182 418 1
259 357 1
203 458 1
105 113 1
317 417 1
34 157 1
372 378 1
308 412 2
3 266 1
292 367 1
222 468 1
74 167 1
227 373 1
84 419 1
304 473 1
18 310 1
154 214 1
121 387 1
35 266 1
18 250 1
478 487 1
284 500 1
96 99 1
74 371 1
66 82 1
15 288 1
170 208 1
206 358 1
17 258 1
300 432 1
87 249 1
59 380 1
27 356 1
224 447 1
74 413 1
71 334 1
172 480 1
360 385 1
279 480 1
280 376 1
128 453 1
4 87 1
142 197 1
9 179 1
60 260 1
279 447 1
120 165 1
3 56 1
206 380 1
289 351 1
216 458 1
37 432 1
167 352 1
82 296 1
155 293 1
108 194 1
273 458 1
427 489 1
104 238 1
80 199 1
300 367 1
403 410 1
426 490 1
67 409 1
142 489 1
211 319 1
258 491 1
14 500 1
155 472 1
317 382 1
40 183 1
111 118 1
196 410 1
382 419 1
293 472 1
40 464 1
72 404 1
152 232 1
114 168 1
198 366 1
165 370 1
330 426 1
83 164 1
76 283 1
337 491 1
188 328 1
215 467 1
72 323 1
71 294 1
469 479 1
368 424 1
161 413 1
70 265 1
10 485 1
18 177 1
38 70 1
109 276 1
125 329 1
36 207 1
266 403 1
258 383 1
99 204 1
99 355 1
244 252 1
146 368 1
217 314 1
3 302 1
66 312 1
76 391 1
67 229 1
112 406 1
52 103 1
308 478 1
130 275 1
16 201 1
318 454 1
388 484 1
401 462 1
153 303 1
244 397 1
28 494 1
241 335 1
109 421 1
237 387 1
151 330 1
89 281 1
301 377 1
195 440 1
65 359 1
292 372 1
232 249 1
122 199 1
53 64 1
204 256 1
132 355 1
278 375 1
124 212 1
265 467 1
78 449 1
136 460 1
59 94 1
110 190 1
293 301 1
83 101 1
80 319 1
44 469 1
197 335 1
197 414 1
159 466 1
170 171 1
270 406 1
128 188 1
12 248 1
288 428 1
34 331 1
31 155 1
167 462 1
266 472 1
160 191 1
36 261 1
89 409 1
163 205 1
157 373 1
131 191 1
21 80 1
165 432 1
203 382 1
88 311 1
168 361 1
69 499 1
23 284 1
92 283 1
96 468 1
11 293 1
190 240 1
18 128 1
199 465 1
181 358 1
365 477 1
334 404 1
402 407 1
157 416 1
59 173 1
326 423 1
146 171 1
36 345 1
85 187 1
453 466 1
173 341 1
15 441 1
208 327 1
182 275 1
10 187 1
354 385 1
24 466 1
347 403 1
110 440 1
352 387 1
255 364 1
68 320 1
296 313 1
410 444 1
46 374 1
448 477 1
263 423 1
2 124 1
189 273 1
253 300 1
448 462 1
105 270 1
87 292 1
368 470 1
116 463 2
47 281 1
276 320 1
23 212 2
293 349 1
9 444 1
288 426 1
48 206 1
69 356 1
43 482 1
143 391 1
390 473 1
34 35 1
81 332 1
299 468 1
266 419 1
457 477 1
76 148 1
368 413 1
195 322 1
221 323 1
75 447 1
125 217 1
102 118 1
111 183 1
276 474 1
64 169 1
51 371 1
118 246 1
98 472 1
207 281 1
44 284 1
25 244 1
43 270 1
284 371 1
229 293 1
94 294 1
303 434 1
152 334 1
176 421 1
160 213 1
60 84 1
279 491 1
398 500 1
99 254 1
213 354 1
203 211 1
69 367 1
315 356 1
191 379 1
161 202 1
119 129 1
200 367 1
375 407 1
42 441 1
18 423 1
290 411 1
75 445 1
334 455 1
378 430 1
89 116 1
281 394 1
357 391 1
202 350 1
89 414 1
416 417 1
242 437 1
177 437 1
131 495 1
63 405 1
91 270 1
332 379 1
204 289 1
220 221 1
201 385 1
253 471 1
139 421 1
40 425 1
214 380 1
54 272 1
31 349 1
384 435 1
84 240 1
478 488 1
156 324 1
70 104 1
93 476 1
128 270 1
79 373 1
214 314 1
67 94 1
350 427 1
342 481 1
214 433 1
100 145 1
51 431 1
14 63 1
278 326 1
183 416 1
293 500 1
55 187 1
102 436 1
71 85 1
186 479 1
7 249 1
196 477 1
169 475 1
389 440 1
5 460 1
317 402 1
265 352 1
187 474 1
215 391 1
423 468 1
122 477 1
74 469 1
14 360 1
187 496 1
43 207 1
354 406 1
85 491 1
212 481 1
88 390 1
198 425 1
140 205 1
360 409 1
455 477 1
87 374 1
426 453 1
142 325 1
206 416 1
219 236 1
128 483 1
77 87 1
143 161 1
79 139 1
5 171 1
112 134 1
113 400 1
18 449 1
373 462 1
146 307 1
101 273 1
78 313 1
236 404 1
277 390 1
219 329 1
47 414 1
25 171 1
52 294 1
219 306 1
78 367 1
23 199 1
34 390 1
314 348 1
223 441 1
198 418 1
62 431 1
362 497 1
114 243 1
63 392 1
26 143 1
135 173 1
147 291 1
104 407 1
207 414 1
77 166 1
297 409 1
357 429 1
23 271 1
350 489 1
473 495 1
124 352 1
102 447 1
4 108 1
321 404 1
299 330 1
18 137 1
47 224 1
284 482 1
339 471 1
109 338 1
119 444 1
181 266 1
296 438 1
53 386 1
280 463 1
31 64 1
303 454 1
319 430 1
73 480 1
137 239 1
374 463 1
385 425 1
424 470 1
177 264 1
178 415 1
332 348 1
166 458 1
112 314 1
32 398 1
318 425 1
270 335 1
270 358 1
114 198 1
207 314 1
73 464 1
166 186 1
175 251 1
294 379 1
123 492 1
174 307 1
14 282 1
41 447 1
113 360 1
90 317 1
256 387 1
80 247 1
92 230 1
175 469 1
401 432 1
167 378 1
221 293 1
64 371 1
10 13 1
105 330 1
167 363 1
264 420 1
127 333 1
20 442 1
62 282 1
278 287 1
49 286 1
107 364 1
193 477 1
223 274 1
395 442 1
104 397 1
2 164 1
4 98 1
111 308 1
195 353 1
252 417 1
28 303 1
145 357 1
15 51 1
281 391 1
216 413 1
190 317 1
105 320 1
185 340 1
36 177 1
54 289 1
53 439 1
57 88 1
51 399 1
256 316 1
234 279 1
178 326 1
402 414 1
79 293 1
62 270 1
1 203 1
29 315 1
447 473 1
26 189 1
446 449 1
332 428 1
4 335 1
78 249 1
7 422 1
35 382 1
76 299 1
79 155 1
209 284 1
56 131 1
155 350 1
166 269 1
177 261 1
143 305 1
10 195 1
159 224 1
223 430 1
18 392 1
41 221 1
178 452 1
150 310 1
80 489 1
8 490 1
60 482 1
307 471 1
301 470 1
21 288 1
92 236 1
49 137 1
175 345 1
311 477 1
98 411 1
154 306 1
298 316 1
41 70 1
53 202 1
24 414 1
59 379 1
82 486 1
59 114 1
3 154 1
4 224 1
204 284 1
45 459 1
48 476 1
154 192 1
390 429 1
135 416 1
378 460 2
133 375 2
309 439 1
338 411 1
295 486 1
191 426 1
333 454 1
209 322 1
216 386 1
206 379 1
415 437 1
175 295 1
178 402 1
278 289 1
175 277 1
178 188 1
70 490 1
325 379 1
411 414 1
16 457 1
284 469 1
275 375 1
303 459 1
172 243 1
227 415 1
141 248 1
28 443 1
222 391 1
53 274 1
383 417 1
270 291 1
459 490 1
174 461 1
42 223 1
174 479 1
343 371 1
424 492 1
336 384 1
157 382 1
13 92 1
49 408 1
29 307 1
80 363 1
169 172 1
44 117 1
128 208 1
357 392 1
406 466 1
204 496 1
1 470 1
75 222 1
145 354 1
424 441 1
86 477 1
8 260 1
46 397 1
334 348 1
44 69 1
44 283 1
63 121 1
113 219 1
273 346 1
134 449 1
1 402 1
226 482 1
189 346 1
386 395 1
443 460 1
240 270 1
149 474 1
352 459 1
28 184 1
146 405 1
417 497 1
6 347 1
13 375 1
22 274 1
104 332 1
38 281 1
348 390 1
419 432 1
236 484 1
34 323 1
237 374 1
20 418 1
23 303 1
163 240 1
196 329 1
439 478 1
43 410 1
85 106 1
202 469 1
198 243 1
266 402 1
33 66 1
55 336 1
276 303 1
133 268 1
349 434 1
212 284 1
35 297 1
101 188 1
65 88 1
140 398 1
169 213 1
341 477 1
5 423 1
295 480 1
306 383 1
41 83 1
170 465 1
156 169 1
425 466 1
269 482 1
189 317 1
184 364 1
164 256 1
32 452 1
373 387 1
300 385 1
5 19 1
286 484 1
105 271 1
277 302 1
166 426 1
367 490 1
82 445 1
430 446 1
161 250 1
261 295 1
113 190 1
26 453 1
286 337 1
16 424 1
170 236 1
38 229 1
70 375 1
74 315 1
113 251 1
19 75 1
52 331 1
221 375 1
155 441 1
97 463 1
219 471 1
326 478 1
432 498 1
474 496 1
129 453 1
290 483 1
92 121 1
288 451 1
252 453 1
347 400 1
267 360 1
382 468 1
445 477 1
338 452 1
223 368 1
168 406 1
6 380 1
167 436 1
32 256 1
114 227 1
223 333 1
191 402 1
124 197 1
336 443 1
104 380 1
54 277 1
104 390 1
303 476 1
308 456 1
7 220 1
163 167 1
100 126 1
51 333 1
26 119 1
350 438 1
278 440 1
260 399 1
222 443 1
59 428 1
29 95 1
429 458 1
14 208 1
39 177 1
118 189 1
104 433 1
229 235 1
380 499 1
13 365 1
28 306 1
174 233 1
226 451 1
29 148 1
248 490 1
129 309 1
416 441 1
151 408 1
266 346 1
82 140 1
120 334 1
14 322 1
106 327 1
334 424 1
127 391 1
242 473 1
195 427 1
267 401 1
2 115 1
402 446 1
189 190 1
211 253 1
76 103 1
231 328 1
120 341 1
399 459 1
160 285 1
182 446 1
59 411 1
314 431 1
92 478 1
311 392 1
297 404 1
415 440 1
164 437 1
115 274 1
153 187 1
257 425 1
127 355 1
53 223 1
317 322 1
122 376 1
106 305 1
206 448 1
267 393 1
185 426 1
44 165 1
294 298 1
199 491 1
129 413 1
83 84 1
2 176 1
64 261 1
219 221 1
265 367 1
401 445 1
88 293 1
106 489 1
183 211 1
94 146 1
132 422 1
288 295 1
329 351 1
25 427 1
174 499 1
60 474 1
179 444 1
103 211 1
68 105 1
131 349 1
324 372 1
228 442 1
79 211 1
133 278 1
208 280 1
313 477 1
71 101 1
88 484 1
249 407 1
313 462 1
26 360 1
199 425 1
166 359 1
232 397 1
273 440 1
25 381 1
303 318 1
13 400 1
101 153 1
203 277 1
246 435 1
416 468 1
7 222 1
157 188 1
108 231 1
71 266 1
164 435 1
282 343 1
191 393 1
348 404 1
327 457 1
132 218 1
146 434 1
326 445 1
24 302 1
392 477 1
208 491 1
16 278 1
185 297 1
62 342 1
160 398 1
299 303 1
152 224 1
288 496 1
56 372 1
100 157 1
335 389 1
360 388 1
98 282 1
197 428 1
88 354 1
299 461 1
385 444 1
361 443 1
27 72 1
128 352 1
134 389 1
261 473 1
53 81 1
159 343 1
418 489 1
44 105 1
187 321 1
82 383 1
281 313 1
20 397 1
94 136 1
163 439 1
156 402 1
285 488 1
17 320 1
357 454 1
187 247 1
67 290 1
35 53 1
92 447 1
267 468 1
72 401 1
178 440 1
23 387 1
221 350 1
306 406 1
70 309 1
69 166 1
144 274 1
205 454 1
196 438 1
5 236 1
157 386 1
98 317 1
328 336 1
160 500 1
333 418 1
